image: Australia.png
resolution: 0.050000
origin: [60, 1.5, 3.141592653589793]
negate: 0
occupied_thresh: 0.65
free_thresh: 0.196

