image: Australia.png
resolution: 0.050000
origin: [120, 50, 3.141592653589793]
negate: 0
occupied_thresh: 0.65
free_thresh: 0.196