image: Circuit-Of-The-Americas.png
resolution: 0.080000
origin: [-20, -10, 0.311592653589793]
negate: 0
occupied_thresh: 0.65
free_thresh: 0.196

