image: Circuit-Of-The-Americas.png
resolution: 0.090000
origin: [0, 0, 0.311592653589793]
negate: 0
occupied_thresh: 0.65
free_thresh: 0.196

