image: Gulf-Air-Bahrain.png
resolution: 0.050000
origin: [20, 1.5, 3.141592653589793]
negate: 0
occupied_thresh: 0.65
free_thresh: 0.196

