image: Malaysian.png
resolution: 0.080000
origin: [15, 27, 3.141592653589793]
negate: 0
occupied_thresh: 0.65
free_thresh: 0.196

