image: Monaco.png
resolution: 0.090000
origin: [0, 0, 4.71238898038469]
negate: 0
occupied_thresh: 0.65
free_thresh: 0.196

