image: Monaco.png
resolution: 0.080000
origin: [-30, 4, 4.71238898038469]
negate: 0
occupied_thresh: 0.65
free_thresh: 0.196

