image: Shanghai.png
resolution: 0.05000
origin: [-49, 31, 4.91238898038469]
negate: 0
occupied_thresh: 0.65
free_thresh: 0.196

